x=[0
-229.045498598435
-186.798468295279
-155.206841880684
-131.888499839761
-115.069352050560
-103.405681200345
-95.8642200365567
-91.6395162105251
-90.0959235557034
-90.7261882199250
-93.1214245606308
-96.9490383795346
-101.936281567649
-107.857851522060
-114.526436150323
-121.785426672361
-129.503246257083
-137.568893570024
-145.888409758577
-154.382053439169
-162.982022370676
-171.630601437123
-180.278644343268
-188.884319566303
-197.412064949720
-205.831709938960
-214.117730864149
-222.248614559817
-230.206308798101
-237.975743967074
-245.544412149101
-252.901995044515
-260.040031850769
-266.951621376244
-273.631154794322
-280.074075081889
-286.276660883011
-292.235834845241
-297.948993421423
-303.413860240909
-308.628360560093
-313.590517959620
-318.298374280967
-322.749928193389
-326.943098690672
-330.875705466127
-334.545470795255
-337.950037818520
-341.087005399832
-343.953975866877
-346.548615913752
-348.868723872186
-350.912305483172
-352.677651492309
-354.163416798059
-355.368697312504
-356.293102345143
-356.936821541964
-357.300681123984
-357.386193177452
-357.195590799097
-356.731853500788
-355.998718716736
-355.000681168605
-353.742980878202
-352.231577431894
-350.473115537131
-348.474879807744
-346.244740376929
-343.791092940471
-341.122791645828
-338.249078764718
-335.179510740247
-331.923884286193
-328.492160901916
-324.894394498187
-321.140659451598
-317.240984268589
-313.205288154261
0];

x2=[0
-254.722618010383
-199.031099284971
-153.821376512001
-116.784122480595
-86.2098016004194
-60.8120391831335
-39.6085395426127
-21.8391500878804
-6.90844294946776
5.65519434037043
16.2291480026037
25.1182749233673
32.5710149161829
38.7914946302933
43.9487192434029
48.1836217442577
51.6145198868519
54.3413770447051
56.4491565303804
58.0104820002703
59.0877636327924
59.7349077915865
59.9987023516194
59.9199448330978
59.5343670282134
58.8733982650543
57.9647969757365
56.8331779831510
55.5004545298665
53.9862095990292
52.3080113492114
50.4816808413485
48.5215204951039
46.4405111630484
44.2504804856192
41.9622496918256
39.5857602165428
37.1301842572317
34.6040203817270
32.0151784389822
29.3710518533293
26.6785823502147
23.9443159619768
21.1744508173221
18.3748807229082
15.5512305509475
12.7088884345206
9.85303208456874
6.98865133985649
4.12056759172922
1.25344796444438
-1.60818086314407
-4.45992478329179
-7.29751384405119
-10.1167986521489
-12.9137463159642
-15.6844410257169
-18.4250829379451
-21.1319905557635
-23.8016040512434
-26.4304878127675
-29.0153360845480
-31.5529765523514
-34.0403764958808
-36.4746478391057
-38.8530520223066
-41.1730063008875
-43.4320873672789
-45.6280375597195
-47.7587672396140
-49.8223597379166
-51.8170741340640
-53.7413464821945
-55.5937928320205
-57.3732087665313
-59.0785697283991
-60.7090304510412
-62.2639226363593
-63.7427526804402
0];

x3=[0
-298.096700104278
-241.241435438451
-194.715212630273
-156.221226335873
-124.061482333164
-96.9602841309462
-73.9452447177769
-54.2654268612589
-37.3339888929477
-22.6873280801954
-9.95553798581738
1.15924979127158
10.8989437698881
19.4615674733593
27.0104252610241
33.6811296708816
39.5870386933043
44.8234991837992
49.4711857635721
53.5987472266205
57.2649191599754
60.5202220262058
63.4083332869887
65.9672046885144
68.2299742797987
70.2257170725436
71.9800642792201
73.5157165436817
74.8528718696129
76.0095824015039
77.0020537216531
77.8448967944693
78.5513395009947
79.1334060135540
79.6020686619769
79.9673757498453
80.2385616857748
80.4241388324319
80.5319771948198
80.5693717609302
80.5430996817809
80.4594695206143
80.3243632373274
80.1432726177609
79.9213291061325
79.6633317929007
79.3737688627042
79.0568389839781
78.7164671189444
78.3563208379689
77.9798228915792
77.5901635677201
77.1903108154189
76.7830202658359
76.3708438022981
75.9561377647581
75.5410704742942
75.1276295671843
74.7176286170159
74.3127140291714
73.9143712068291
73.5239310897621
73.1425762733254
72.7713466446289
72.4111464003307
72.0627491287947
71.7268043776365
71.4038429850442
71.0942842587177
70.7984395802441
70.5165214080594
70.2486456482631
69.9948403579675
69.7550491870776
69.5291385848229
69.3169024003737
69.1180672187504
68.9322987893111
68.7592057720287
0];

x4=[0
-235.253641251809
-193.293537858826
-161.984757235552
-138.944458384316
-122.397810533581
-111.000339076917
-103.718005325870
-99.7445733390852
-98.4436035031066
-99.3070405588270
-101.925192703245
-105.964656809950
-111.151876593318
-117.260745436809
-124.103154606943
-131.521710864035
-139.384068801836
-147.578479575590
-156.010262952844
-164.598987494694
-173.276198011300
-181.983569011557
-190.671392948675
-199.297331377224
-207.825375808657
-216.224975639475
-224.470298975543
-232.539601569215
-240.414682179561
-248.080408401149
-255.524300195464
-262.736161098095
-269.707748640050
-276.432478918487
-282.905160340352
-289.121753871768
-295.079155986411
-300.775005794840
-306.207512482803
-311.375304079320
-316.277297244779
-320.912588131783
-325.280362933533
-329.379828862860
-333.210165817703
-336.770495643179
-340.059869971506
-343.077275219272
-345.821651632061
-348.291925797994
-350.487054738213
-352.406078113177
-354.048177140331
-355.412737568509
-356.499414699840
-357.308196842254
-357.839467268424
-358.094060791991
-358.073314662140
-357.779110612929
-357.213910304210
-356.380779300025
-355.283402141371
-353.926087084844
-352.313761359616
-350.451956097212
-348.346783161713
-346.004903844014
-343.433489128871
-340.640176863083
-337.633019541054
-334.420433320422
-331.011139823456
-327.414110461000
-323.638505954478
-319.693621182182
-315.588827339752
-311.333518459437
-306.937059989743
0];

x5=[0
-260.463114687681
-205.024152432050
-160.064997146669
-123.276264110927
-92.9483411008884
-67.7947598813825
-46.8331163274271
-29.3031361091304
-14.6092574230631
-2.27972238064922
8.06301094821530
16.7239648637481
23.9517535616685
29.9506862928567
34.8899582487405
38.9106992653154
42.1314296302988
44.6523207371522
46.5585476704611
47.9229496808860
48.8081543634481
49.2682874591921
49.3503561567188
49.0953765280485
48.5392976106169
47.7137624150951
46.6467394767929
45.3630485438339
43.8848010160105
42.2317712667208
40.4217098804338
38.4706108795522
36.3929390492679
34.2018258114862
31.9092368107713
29.5261179346085
27.0625207630104
24.5277124130657
21.9302709319654
19.2781690415700
16.5788463245183
13.8392734568171
11.0660077493385
8.26524142970205
5.44284428949382
2.60440017267882
-0.244761362733220
-3.09953796531204
-5.95503124616314
-8.80652714722411
-11.6494802523034
-14.4795000480258
-17.2923405946731
-20.0838920028090
-22.8501750521026
-25.5873357688804
-28.2916438939888
-30.9594912646816
-33.5873915166059
-36.1719814942300
-38.7100232292603
-41.1984058864334
-43.6341489552146
-46.0144059204026
-48.3364673676452
-50.5977644308449
-52.7958725687227
-54.9285148996622
-56.9935649274692
-58.9890493225553
-60.9131504750356
-62.7642078042593
-64.5407192627623
-66.2413418454595
-67.8648915997115
-69.4103431044368
-70.8768280205459
-72.2636336995800
-73.5701998676674
0];

